 0  113  21 113  0   0   0   0   0   0   0   0   0   0   0  113  21 113  0   0   0   0   0   0   0   0   0   0   0  113  21 113  0  
 0  101  0  105 100 100 100 100 100 100 133 100 100 100 100 106  0  105 100 100 100 100 133 100 100 100 100 100 100 106  0  101  0  
 0  101  2   2   2   2   2   2   2   2  101  2   2   2   2   2   2   2   2   2   2   2  101  2   2   2   2   2   2   2   2  101  0  
111 106  2  111 112  2  113  2  113  2  110  2  111 100 100 100 133 100 100 100 112  2  110  2  113  2  113  2  111 112  2  105 112 
 20  2   2   2   2   2  101  2  101  2   2   2   2   2   2   2  101  2   2   2   2   2   2   2  101  2  101  2   2   2   2   2   20 
111 108  2  111 100 100 106  2  105 100 112  2  111 100 108  2  101  2  107 100 112  2  111 100 106  2  105 100 100 112  2  107 112 
 0  101  2   2   2   2   2   2   2   2   2   2   0   0  110  2  110  2  110  2   2   2   2   2   2   2   2   2   2   2   2  101  0  
 0  131 100 100 112  2  111 100 108  2  107 100 112  2   2   2   2   2   2   2  111 100 108  2  107 100 112  2  111 100 100 132  0  
 0  101  2   2   2   2   2   2  110  2  110  2   2   2  107 112  2  111 108  2   2   2  110  2  110  2   2   2   2   2   2  101  0  
 0  101  2  120  2  111 112  2   2   2   2   2  113  2  101  2   2   2  101  2  113  2   2   2   2   2  111 112  2  120  2  101  0  
 0  101  2   2   2   2   2   2  120  2  111 100 132  2  105 100 100 100 106  2  131 100 112  2  120  2   2   2   2   2   2  101  0  
 0  101  2  111 100 100 112  2   2   2   2   2  110  2   2   2   2   2   2   2  110  2   2   2   2   2  111 100 100 112  2  101  0  
 0  101  2   2   2   2   2   2  113  2  113  2   2   2  113  2  113  2  113  2   2   2  113  2  113  2   2   2   2   2   2  101  0  
 0  101  2  111 112  2  120  2  110  2  110  2  111 100 106  2  110  2  105 100 112  2  110  2  110  2  120  2  111 112  2  101  0  
 0  101  0   2   2   2   2   2   2   2   2   2   2   2   2   2   2   2   2   2   2   2   2   2   2   2   2   2   2   2   0  101  0  
 0  105 100 108  2  107 112  2  111 100 100 100 112  2  111 100 133 100 112  2  111 100 100 100 112  2  111 108  2  107 100 106  0  
 0   0   0  101  2  101  2   2   2   2   2   2   2   2   2   2  101  2   2   2   2   2   2   2   2   2   2  101  2  101  0   0   0  
111 100 100 106  2  101  2  113  2  111 133 100 100 100 108  2  110  2  107 100 100 100 133 112  2  113  2  101  2  105 100 100 112 
 20  0   0   0   2  101  2  101  2   2  101  2   2   2  101  2   2   2  101  2   2   2  101  2   2  101  2  101  2   0   0   0   20 
111 108  2  120  2  110  2  105 112  2  110  2  113  2  110  2  120  2  110  2  113  2  110  2  111 106  2  110  2  120  2  107 112 
 0  101  0   0   2   2   2   2   2   2   2   2  101  2   2   2   2   2   2   2  101  2   2   2   2   2   2   2   2   0   0  101  0  
 0  101  0  107 100 100 100 100 100 100 100 100 130 100 100 108  0  107 100 100 130 100 100 100 100 100 100 100 100 108  0  101  0  
 0  110  21 110  0   0   0   0   0   0   0   0   0   0   0  110  21 110  0   0   0   0   0   0   0   0   0   0   0  110  21 110  0  
